-4.0 -13.783872866151498
-3.991314680804832 -13.749479904796862
-3.982628543767804 -13.715084453311734
-3.9739409186143093 -13.680684962682694
-3.965255265867509 -13.64629105926776
-3.9565709125822455 -13.61190129748112
-3.9478834494500017 -13.577501844432307
-3.9392002068228917 -13.543115357869418
-3.9305132052334204 -13.50871742573153
-3.921826036722351 -13.474319567976346
-3.913142084340153 -13.43993157416567
-3.904454074496081 -13.405531346794646
-3.895769034069199 -13.371139767087291
-3.8870834637263547 -13.336746209665304
-3.8783974834701027 -13.30235301891703
-3.869711271786728 -13.267957606622128
-3.8610250607468855 -13.233563739436708
-3.852339131353554 -13.199169366285936
-3.8436538091284174 -13.164777577276313
-3.8349694599281845 -13.130389624783243
-3.826283574800784 -13.095996357738418
-3.817596761499451 -13.061599941133986
-3.808909649976815 -13.027203515667054
-3.8002256308639355 -12.992816746093792
-3.791539831707891 -12.95842375745385
-3.7828530937673324 -12.924029278622543
-3.774166262570052 -12.88963388190875
-3.7654801856410636 -12.855240738691851
-3.7567957103904375 -12.820853030264919
-3.7481088189162595 -12.786457816859329
-3.739423024936181 -12.752066380388769
-3.7307369637440293 -12.717674630654209
-3.7220517329429663 -12.683285195987862
-3.713366165937315 -12.648894728251577
-3.704679253349232 -12.61450039648028
-3.6959944465727257 -12.580113477017399
-3.6873086517404614 -12.545722915530312
-3.678621153960202 -12.511327613804538
-3.6699354261184074 -12.476937725441939
-3.6612507551383318 -12.442551554942671
-3.6525645956644683 -12.408161311908133
-3.6438784937630144 -12.37377154739496
-3.6351920683798427 -12.339380496109127
-3.6265068730503622 -12.304994057887603
-3.6178208030397454 -12.270604821245325
-3.6091355156273894 -12.236218490702962
-3.60044914413709 -12.20182909366801
-3.591763427627044 -12.167442101212044
-3.5830767109449138 -12.133052838664057
-3.574390795186504 -12.09866546663008
-3.565705810226112 -12.064281843517922
-3.5570203745170597 -12.029897228815985
-3.5483332805136194 -11.99550799691179
-3.539647998031641 -11.961124610259272
-3.530961893333633 -11.926739272378175
-3.522275495112298 -11.892353721751917
-3.51359077588175 -11.857973158692056
-3.504904063561843 -11.8235873034121
-3.496218847020338 -11.78920648052282
-3.4875330722278846 -11.754826176526183
-3.4788462191887324 -11.72044175694086
-3.4701604414902363 -11.68605938311322
-3.461475277884522 -11.651680709768085
-3.4527891360295584 -11.617299832789227
-3.444103030026312 -11.58291880539264
-3.435416779108518 -11.548540069735058
-3.4267314436711898 -11.514165851141101
-3.4180457928735266 -11.479787925088326
-3.4093598726508247 -11.445413180809556
-3.4006737927922863 -11.411037568500985
-3.3919877217846546 -11.376661087092726
-3.3833018819128027 -11.342287418785284
-3.3746155156434585 -11.30791377432356
-3.365930008850656 -11.273543885567909
-3.357243739791286 -11.239169311422355
-3.348558187056988 -11.204800758032373
-3.339872880969815 -11.17043333160042
-3.331186523099215 -11.136066073425688
-3.3225007218633884 -11.101700584502495
-3.3138143438920915 -11.067333473749581
-3.3051290415319796 -11.032969762324463
-3.2964429665242303 -10.99860685009866
-3.287757008587142 -10.964244631286629
-3.2790712297719162 -10.92988622357995
-3.27038494430048 -10.89552699046882
-3.2616991738282093 -10.861170283273742
-3.2530133716971035 -10.826814781003193
-3.2443278623902914 -10.792461805621372
-3.2356415171649413 -10.75810834601209
-3.2269555599148605 -10.723758472787063
-3.2182697505484597 -10.689409503163498
-3.2095839338592227 -10.655063883037338
-3.2008980333549 -10.620719542091654
-3.192212045383548 -10.586377066111002
-3.1835266962347504 -10.552037030243095
-3.174840772940279 -10.517700861504341
-3.1661544972845994 -10.483363337918593
-3.1574687656850053 -10.449030088902973
-3.1487826359334528 -10.414699016333898
-3.140097104829936 -10.380371826806153
-3.1314108069067754 -10.346047223157697
-3.1227254307913683 -10.311725182123983
-3.1140392116774636 -10.277405226338432
-3.1053533567799425 -10.243089907150306
-3.0966674187347585 -10.208776937952829
-3.0879815833533306 -10.174466050065625
-3.079295567400612 -10.14016094947536
-3.07060968757061 -10.10585823115372
-3.061923801812985 -10.071558556773576
-3.0532378457791634 -10.037264449154256
-3.0445523082098487 -10.002975048946812
-3.0358662910170082 -9.968687151009163
-3.027180420060789 -9.934405343050441
-3.018494433137381 -9.900126777650929
-3.0098085994524606 -9.865854927316958
-3.0011227985097393 -9.8315874979018
-2.9924357053773765 -9.797321674762115
-2.983752441934947 -9.763071088466548
-2.9750630319625566 -9.728809846420281
-2.966379248183716 -9.694568804698703
-2.9576923128704706 -9.660325626671357
-2.9490057826122533 -9.626090757848173
-2.940323006415244 -9.591872777417791
-2.931636002696828 -9.557648968529197
-2.922948390786762 -9.523430116329212
-2.9142635799466676 -9.489226419625014
-2.9055777890186665 -9.455027750898472
-2.8968910216818777 -9.42083410324985
-2.8882067076631763 -9.386655785068287
-2.8795214924583092 -9.352483924914695
-2.8708355739333102 -9.318318020645993
-2.8621492031243214 -9.28415894051226
-2.853462679585608 -9.2500098780504
-2.8447763469757232 -9.215870854003349
-2.836090588873458 -9.181744187959628
-2.827405824815542 -9.147631234832444
-2.8187196456304493 -9.113523886052839
-2.8100327016487276 -9.079426248865127
-2.8013484104788766 -9.045348678192212
-2.7926619047116437 -9.011275746915056
-2.783976685872753 -8.977220005958545
-2.7752908727607815 -8.943175001428394
-2.766602796937103 -8.909137684548774
-2.757918451710543 -8.875125237989007
-2.749231238264417 -8.841118009204624
-2.7405470866428763 -8.807136484987748
-2.731859819110966 -8.773160496137589
-2.7231752865024332 -8.739208543974563
-2.714487697933756 -8.7052649574936
-2.705802811096069 -8.671346243057336
-2.697117352653338 -8.63744420374375
-2.68843048840617 -8.603556339359859
-2.6797456731993887 -8.569694521275684
-2.671058013064396 -8.535843279942284
-2.662373043565725 -8.502021379464486
-2.6536881094029976 -8.468220746908276
-2.645000826074836 -8.434434830500832
-2.6363147038517196 -8.400675409394301
-2.627629362177731 -8.366941837188662
-2.618944514721542 -8.333233718496588
-2.610258192483318 -8.299546874549957
-2.601572118463518 -8.265886174903686
-2.592886248527006 -8.232253082414974
-2.5842006082310567 -8.19864792858869
-2.575513653225884 -8.165067521539449
-2.566828833156889 -8.131522361010388
-2.5581431138999537 -8.09800522886081
-2.54945684144158 -8.064517191511396
-2.5407704032154497 -8.031060555793488
-2.532084224030357 -7.997638208078005
-2.523398762215908 -7.964251380320993
-2.5147130852924375 -7.930898736018687
-2.5060263997253327 -7.897579244914329
-2.4973407720454306 -7.864299315356573
-2.4886554983405524 -7.831058543413483
-2.4799686832986083 -7.797851818683468
-2.4712837895998323 -7.764691035017817
-2.462597775873651 -7.7315674858156616
-2.4539116091641375 -7.698485396897162
-2.445226249291881 -7.665448395847139
-2.436540273875833 -7.632453355759246
-2.427853601230399 -7.599501531631227
-2.4191685045877516 -7.5666002281197455
-2.410482675342436 -7.533743831040921
-2.40179624166582 -7.5009339295521
-2.393110463773284 -7.46817369683295
-2.3844244653149302 -7.435466647383799
-2.3757385362212444 -7.402806117041277
-2.3670530107411034 -7.370200711251616
-2.3583672720792714 -7.337647650906048
-2.34968081811229 -7.305148493614653
-2.340995158370051 -7.272706714162018
-2.33230895089845 -7.240317263796435
-2.32362376986412 -7.207987669941954
-2.314937545383357 -7.175714340351834
-2.306251952261815 -7.143501049210028
-2.2975660167865497 -7.1113473056705345
-2.2888797522857667 -7.079251827949102
-2.2801940664959055 -7.047219602228104
-2.271508239783635 -7.015254075890911
-2.262822470369862 -6.983347338302043
-2.254136228179719 -6.951503318923852
-2.2454506202511477 -6.919723832589325
-2.2367644864669938 -6.888010570788022
-2.2280782924479303 -6.856363273086581
-2.2193925349296633 -6.82478183255956
-2.2107070327301477 -6.793273731665925
-2.2020209932462227 -6.7618347533479355
-2.1933351084711137 -6.730465203416971
-2.1846494192014885 -6.699169647319558
-2.1759633781602985 -6.667944582803044
-2.167277186079168 -6.6367948258585745
-2.1585917210925594 -6.605721080168928
-2.1499054056132993 -6.57471969000704
-2.141219857969858 -6.5437994278774605
-2.1325336906893098 -6.512954126808114
-2.123848001594576 -6.482190830679943
-2.115162171261268 -6.4515056476515324
-2.1064762499356355 -6.420905112307554
-2.0977903509772373 -6.3903874304205734
-2.0891041125479304 -6.359952191158342
-2.0804183134644716 -6.329605076193664
-2.0717322015498763 -6.299347047787657
-2.0630466563884498 -6.2691785574340475
-2.054360586581949 -6.2391020974190265
-2.045674982447136 -6.209121012753463
-2.0369889322359187 -6.179232945417178
-2.0283030527130466 -6.149442681127751
-2.0196170708767784 -6.1197522590814675
-2.0109312470833833 -6.090165251108154
-2.0022454515292334 -6.060679018415314
-1.9935596310898047 -6.031301144266771
-1.9848750618346265 -6.002033189715172
-1.9761880520960968 -5.9728667952581525
-1.9675021171428897 -5.9438176118891475
-1.9588166162460803 -5.914883930140221
-1.9501310237002234 -5.8860668273859345
-1.9414449211848714 -5.8573676998812605
-1.9327579904850813 -5.828788249800468
-1.9240736528853457 -5.800341412325581
-1.9153879791347486 -5.772018094510605
-1.9067009152609502 -5.743818538135152
-1.8980159154276175 -5.715758219837527
-1.8893294982426252 -5.687829513350208
-1.8806418193581949 -5.660035764232395
-1.8719563261735426 -5.632390263834142
-1.863269922849573 -5.604886754512314
-1.8545860348321166 -5.577538633742625
-1.8458987481287026 -5.550329117815981
-1.83721461949956 -5.523285749466223
-1.8285280560584145 -5.496392941748344
-1.8198425722219191 -5.469664839125395
-1.811155853453103 -5.443096001526124
-1.8024713444772291 -5.4167051829300155
-1.793784183009897 -5.390475150876117
-1.7850978968437046 -5.364425279934529
-1.776413211953935 -5.3385600069393515
-1.7677257736358607 -5.312871002025803
-1.7590416094723669 -5.287376824231454
-1.7503541217690899 -5.262065164377209
-1.7416692735912265 -5.236954910540151
-1.7329832367319007 -5.212040375087687
-1.72429715055179 -5.187328823517767
-1.715612133700439 -5.162827780386106
-1.706924859877136 -5.138527192645283
-1.6982388339721926 -5.11444699018518
-1.689553105522109 -5.090582633080153
-1.6808668632213362 -5.066939566614963
-1.672181467671179 -5.0435208653751085
-1.6634962385279395 -5.020333182983575
-1.6548106141186167 -4.997372201102506
-1.6461241436173049 -4.974641335459659
-1.637438364198876 -4.95215041251742
-1.6287529127370706 -4.929896735622762
-1.6200657093081274 -4.907875148609123
-1.611380229310451 -4.886102441851795
-1.6026945245936217 -4.864567140215843
-1.5940085693326749 -4.843276224067903
-1.5853224070314333 -4.822224634477678
-1.5766361450987596 -4.801415274783704
-1.567951555653123 -4.780848503557088
-1.5592656149776343 -4.760512889340095
-1.5505786876757275 -4.740409902624652
-1.5418926918161706 -4.720540366550602
-1.5332079801457055 -4.700897463513487
-1.5245220358108578 -4.681465380034782
-1.515835453776289 -4.662242909377057
-1.5071502476699015 -4.643224202852864
-1.498464234364995 -4.624398918715801
-1.489778150027265 -4.605747121438866
-1.481092741159144 -4.587265699140867
-1.4724061844422955 -4.5689340192748285
-1.4637206560453333 -4.550748611281165
-1.4550345143838728 -4.532684004556438
-1.4463487397854726 -4.514737426983319
-1.437661923676945 -4.496888320442149
-1.4289763334645458 -4.479129212915683
-1.420290696951436 -4.461444296136075
-1.411605027057814 -4.443806350821187
-1.4029194025472795 -4.426178875467128
-1.394232886273742 -4.408523101420087
-1.3855467923566058 -4.390804247306894
-1.3768613653875748 -4.372989153507245
-1.3681758825620767 -4.35504725837806
-1.3594897435282118 -4.336966548434443
-1.3508034364356314 -4.318725783075434
-1.34211747906728 -4.3003150616612364
-1.3334324153652533 -4.281715896119007
-1.324746060124957 -4.262926485301774
-1.3160600625914043 -4.243959221645188
-1.3073742484182251 -4.224831819280443
-1.298688523008332 -4.205555397669846
-1.2900028655961846 -4.186142458276189
-1.2813164935726815 -4.166596517066214
-1.2726303801336063 -4.14692283083608
-1.2639446923352147 -4.127121838479193
-1.2552588684706683 -4.107194026319006
-1.2465732233223497 -4.087144397212182
-1.2378873627664844 -4.067014053914387
-1.2292017264233792 -4.046873803712398
-1.2205153431478788 -4.0267905863387625
-1.211829506904007 -4.0068384319018575
-1.2031433977502612 -3.987084836200442
-1.1944576853486528 -3.96760540759617
-1.1857717214767867 -3.9484748693345844
-1.177085628030623 -3.9297700565213587
-1.1684002246105618 -3.911569557120014
-1.159713823641018 -3.8939440055931764
-1.1510280109179325 -3.8769517609613326
-1.1423425075267364 -3.860634719165586
-1.1336565312427727 -3.845030587585709
-1.124970586038133 -3.8301812214288473
-1.1162846362003391 -3.8161234159897197
-1.107598715542025 -3.8028337785687074
-1.0989129219772305 -3.790245113206114
-1.0902268777865944 -3.778290675836369
-1.0815413496228832 -3.766905687922569
-1.0728550563006702 -3.756015504136849
-1.0641694009035003 -3.745518238441488
-1.0554837700273108 -3.7352771578391635
-1.0467976641310843 -3.7251552222397355
-1.0381116381995816 -3.7150208544791075
-1.0294258063958153 -3.7047374816642664
-1.020739884888461 -3.6941462666695903
-1.0120541251589525 -3.6830755045626526
-1.0033683880705708 -3.6713538197749522
-0.9946821828849264 -3.6588071976883425
-0.9859963859853297 -3.6452755641504107
-0.9773118722063235 -3.630743033100603
-0.9686238565403759 -3.6152783318316883
-0.9599398774966346 -3.5989854636919323
-0.9512514241062201 -3.5819246722423292
-0.9425659367317284 -3.5642134191952386
-0.9338791547809019 -3.5460909525521
-0.9251945265256715 -3.5279286400824708
-0.9165081301661911 -3.510078181857926
-0.907823441100616 -3.492914706725989
-0.8991368445972363 -3.47677905139944
-0.8904518244010491 -3.4618733028754547
-0.8817650437833546 -3.4482682436895447
-0.8730799781424488 -3.4360565682031425
-0.8643935421350306 -3.425304435263197
-0.8557091880445616 -3.4160801544677417
-0.84702100399749 -3.4081234781900656
-0.8383355806427496 -3.401003675297653
-0.8296502608608161 -3.394253794166004
-0.8209655340679937 -3.3874228342359283
-0.8122790986287831 -3.380055942014772
-0.8035916635469827 -3.371831974286042
-0.7949066606769165 -3.3625295957981893
-0.7862220099206437 -3.3519073873230423
-0.7775358570191577 -3.339726105741445
-0.7688491110453537 -3.3257968814562515
-0.7601626793308752 -3.3104668564430533
-0.7514774655089098 -3.294448617711381
-0.7427919656819424 -3.2784620200751484
-0.7341048589858976 -3.2632257490065797
-0.7254196122566038 -3.249434192461607
-0.7167327018782798 -3.237285408269495
-0.7080475977648488 -3.2266570632108413
-0.6993610453646018 -3.2174055898077354
-0.6906765016337333 -3.2094010771529153
-0.6819909552406848 -3.2024759129636347
-0.6733037422868884 -3.19615671827011
-0.6646183332080696 -3.189763096383493
-0.6559320944289825 -3.182593332067755
-0.6472465188547258 -3.173953703536409
-0.6385611603580849 -3.163216735736964
-0.6298756733643426 -3.1506612709268773
-0.6211898059157737 -3.137193149993601
-0.6125033930644364 -3.123729114113345
-0.6038180947999628 -3.1111992821338035
-0.595132088310409 -3.1004462291361583
-0.5864454351531703 -3.091455458979837
-0.5777599030709137 -3.083605937178636
-0.5690739678433476 -3.0762544822065765
-0.5603878683671797 -3.068762831734118
-0.5517018923215311 -3.0605328436580557
-0.5430163717544672 -3.0514869466451073
-0.5343301925693745 -3.0419068443066637
-0.5256438515070629 -3.032085543860008
-0.516957874267817 -3.0223185097647804
-0.5082728120706064 -3.012881114424818
-0.4995864942943057 -3.003816729941965
-0.4909010215131787 -2.995022788999969
-0.48221444285730936 -2.986382503192875
-0.4735289032211518 -2.9777894104249683
-0.46484264727462987 -2.9691354025369514
-0.45615660603211544 -2.960422190636246
-0.4474717052080499 -2.9517265113448468
-0.4387852850521027 -2.9431142585875936
-0.43009963731528544 -2.9346658107147308
-0.4214135044346278 -2.926446341033641
-0.4127280401035305 -2.91843537575983
-0.40404217234034834 -2.910543726353906
-0.39535605856709977 -2.902681938556907
-0.3866699114402907 -2.894765769750055
-0.3779839941175044 -2.8867127178704473
-0.3692986157653636 -2.87853743811611
-0.3606121346666846 -2.87030949002898
-0.3519270109843625 -2.8621147110647307
-0.3432407931225246 -2.8540231195878993
-0.3345550404349003 -2.846114095568038
-0.3258684989380701 -2.838385494305593
-0.31718278416327905 -2.8308037026196917
-0.3084968013451843 -2.8233233428610385
-0.2998113395808686 -2.8159045524748936
-0.29112549485182204 -2.8085029814266687
-0.2824393324786929 -2.8011103408420106
-0.27375298026357214 -2.7937349535656835
-0.2650674229590007 -2.7863884531203875
-0.25638128335614957 -2.779080580011527
-0.24769566286890254 -2.7718181785348293
-0.23901013780373548 -2.7646077719659865
-0.230324383578731 -2.7574484553997136
-0.22163816785458368 -2.750335326731883
-0.21295205313740934 -2.743268999669815
-0.20426662522767441 -2.7362540370478268
-0.19558044604258182 -2.729281444676163
-0.18689426011153507 -2.722358667925253
-0.17820882151260045 -2.715478665661248
-0.1695229663998182 -2.7086455774700546
-0.16083694604233237 -2.701859540307397
-0.1521510595405025 -2.695114327833656
-0.14346504516324082 -2.688413940213209
-0.13477932069578819 -2.6817583072429247
-0.12609317669860987 -2.6751467862393135
-0.117407733324815 -2.668581276964864
-0.10872130057837086 -2.6620567930670567
-0.10003566818219888 -2.655578177008633
-0.09134987337388828 -2.649141734431043
-0.08266414524635135 -2.642747510431562
-0.07397773199464104 -2.636393347235108
-0.06529202696839205 -2.6300814065112332
-0.05660590775360201 -2.623808645239545
-0.047920345788095495 -2.6175765949677885
-0.039234401880006695 -2.611381629061897
-0.030548674518396223 -2.605224697029039
-0.02186241229392782 -2.5991033634627247
-0.01317678026461817 -2.593021721761582
-0.004490725186963733 -2.5869764680662954
0.004196657461371283 -2.5809663409860684
0.012879387171289813 -2.575008129873012
0.0215655246133908 -2.5690779176526575
0.03025149921643659 -2.563185421970445
0.03893791903861998 -2.557327234556144
0.04762527758178358 -2.551502782312723
0.056310146628307 -2.545720609505563
0.06499677905922258 -2.5399664319333155
0.07368169947628338 -2.5342531434805076
0.0823688221879019 -2.5285671956321583
0.09105464566445365 -2.522918736150772
0.0997393255876724 -2.5173087075698706
0.1084263250004872 -2.5117257216753006
0.11711213569237655 -2.5061793751277737
0.12579670590843325 -2.5006689312472368
0.1344831103950652 -2.4951877473196813
0.14316786989170252 -2.48974214101478
0.15185383260903879 -2.4843243860595927
0.16054055740289488 -2.4789367554529056
0.16922756850498064 -2.47357957989953
0.17791147609400934 -2.4682614909596947
0.18659756963987098 -2.462969112566567
0.195285119898544 -2.457704797572878
0.2039706682628887 -2.4524760425825285
0.21265628288571706 -2.447277913413853
0.22134119719314324 -2.4421107058641525
0.23002719556930812 -2.4369687567203044
0.2387133494360301 -2.431856612204313
0.24739873447583455 -2.4267748105554756
0.2560848406840132 -2.421721749138684
0.2647706145218653 -2.416695478985268
0.27345733125822547 -2.411699467327117
0.28214383116881125 -2.406728476089762
0.2908289774082933 -2.401790023762211
0.29951601501004627 -2.396872473055358
0.30820146065107623 -2.391987604052996
0.3168862229433865 -2.387131783667452
0.3255731276401385 -2.3822957129204223
0.33425867695393346 -2.377490676111718
0.34294549345370323 -2.372708203768506
0.3516301304224337 -2.367958497650989
0.3603169219332145 -2.363228295975949
0.3690023696239364 -2.358528222983249
0.3776886407333703 -2.3538516176621136
0.386374099085483 -2.34920275706412
0.39506066687820707 -2.344575292326322
0.40374662097872394 -2.339974561685178
0.4124319855383904 -2.3353998619032654
0.42111836434718175 -2.3308463603964666
0.4298039402138351 -2.326319246998142
0.43848855305958634 -2.3218192792333676
0.44717509257602195 -2.3173376302624717
0.4558615942442283 -2.312879366822427
0.4645476680635775 -2.3084460958742428
0.47323288822548737 -2.304037528375435
0.48191822861050193 -2.2996526510912316
0.49060452120123077 -2.295287440563247
0.4992910894460284 -2.290943322731289
0.5079772413914501 -2.286624272050583
0.5166622724633129 -2.282329861397253
0.5253480590738785 -2.278055600068274
0.5340337251907376 -2.2738048645199935
0.5427208850468122 -2.2695694361986667
0.5514060783326635 -2.265361956004034
0.5600920280030199 -2.261173955304713
0.5687776625236833 -2.2570089816115146
0.5774642247089958 -2.2528600616010004
0.5861494141601555 -2.2487373930362016
0.5948354595333176 -2.2446316622205145
0.603521103139058 -2.2405487055928845
0.6122072394691164 -2.2364859402841866
0.6208925470200811 -2.232444768109554
0.6295787982608825 -2.2284195793648465
0.6382645637624716 -2.224417166009569
0.6469504165758769 -2.220435327809598
0.6556368187277926 -2.2164682277753096
0.664322247235063 -2.212524979229127
0.6730089200669407 -2.2085962207796688
0.6816942958422957 -2.204693094855563
0.6903803944874688 -2.2008043887980184
0.6990664070107003 -2.196933518353585
0.7077523712461904 -2.1930836416686943
0.716438255460665 -2.189252198229893
0.7251239637771112 -2.1854397041741405
0.7338093413310827 -2.1816467043010674
0.7424957506876388 -2.177868291072064
0.7511812997102817 -2.1741103903588956
0.7598671967431341 -2.1703696122611995
0.7685530096661075 -2.166646660857719
0.7772389983562923 -2.162940336360924
0.7859246245543606 -2.159252640531189
0.7946107192661259 -2.1555808239951086
0.8032966155490892 -2.1519264560132174
0.8119829705830518 -2.1482876104381226
0.8206683542288961 -2.1446690842302205
0.8293545983962096 -2.141064441657623
0.8380401724742048 -2.137478293020141
0.8467260707051683 -2.133907718581083
0.85541193166081 -2.130353763497249
0.8640979488832612 -2.126815518393065
0.8727836518016227 -2.1232947551318886
0.8814696811381089 -2.1197893552295883
0.8901554422761303 -2.11630003031849
0.8988414165766203 -2.112825835758492
0.9075279811332871 -2.1093650109594453
0.9162133090718301 -2.1059255207316765
0.9248992640142836 -2.1024981088327763
0.9335849678128595 -2.099085942206575
0.9422710317572586 -2.0956893016806415
0.9509569801136122 -2.092307733930706
0.9596427838066537 -2.0889423235919247
0.9683288167127672 -2.0855900255342386
0.977014898767843 -2.082252359143339
0.9857003480345892 -2.078931137587592
0.9943866694239059 -2.0756223949706363
1.003072595967675 -2.072331308433781
1.0117564695459154 -2.0690566983465253
1.0204441553665746 -2.0657886314156166
1.029132057479993 -2.0625320324548015
1.0378167891133163 -2.059299823692106
1.0465029682984088 -2.056078058788144
1.055187138555754 -2.052873131518936
1.063873544950582 -2.0496785652430822
1.072558684818884 -2.0464998137185937
1.0812464648742075 -2.0433266703281534
1.08992982668225 -2.0401816086261575
1.0986160408242571 -2.0370407746564108
1.1073015689796173 -2.0339152661904807
1.115989729748265 -2.0307950170726388
1.1246737361409767 -2.027700437053559
1.1333600444031482 -2.0246122296195717
1.142048279550896 -2.0215314374555833
1.150731885414557 -2.0184772648364544
1.159419796827599 -2.0154224614434884
1.168105439826144 -2.0123876019405675
1.1767913562264987 -2.0093651059414506
1.185476991628807 -2.006355441778178
1.1941617681402077 -2.00336077392683
1.202847809835259 -2.0003752904182477
1.2115343394156781 -1.9973999605204613
1.2202205714402545 -1.9944390906057268
1.2289057147610245 -1.9914926837747182
1.23759148780458 -1.9885563122612226
1.2462769454340612 -1.9856338658551678
1.2549635636128438 -1.9827184812231449
1.263647902063999 -1.9798237571199349
1.272333682899702 -1.9769352752712943
1.2810197242748451 -1.9740577120849612
1.2897070966743387 -1.9711883847339342
1.2983923490176683 -1.968337176917542
1.3070786579869458 -1.9654943004971985
1.3157646887554675 -1.962663590150024
1.3244491429878091 -1.9598486947716096
1.3331368092583062 -1.9570367030117137
1.3418221498028868 -1.9542413607097047
1.3505077418200375 -1.9514573911020179
1.3591939977439558 -1.9486833391258394
1.3678793683214843 -1.9459224155083756
1.376566008318118 -1.9431675731170528
1.385252259773016 -1.9404268817056
1.3939382795709725 -1.9376987835924862
1.4026224277485275 -1.9349845332734623
1.4113098660666017 -1.9322712006012324
1.4199953781172003 -1.9295780296963787
1.4286805600664194 -1.9268940908096515
1.4373668193736153 -1.9242152332731226
1.4460522760313248 -1.9215550879448962
1.4547381780865685 -1.918898243144451
1.4634241158118466 -1.9162559416193858
1.4721096441305823 -1.9136241076351812
1.4807957218191006 -1.9110010367636503
1.4894817588802376 -1.90838861210979
1.4981685231654358 -1.905784702910668
1.5068539513201928 -1.9031949515457915
1.5155400501970144 -1.9006141186875964
1.5242260063476722 -1.8980430284257699
1.5329110024221522 -1.8954860827240403
1.5415967152122378 -1.8929366258498177
1.5502834009794138 -1.8903943055017154
1.5589688292826658 -1.8878662555851773
1.567655578284311 -1.885344137778946
1.5763413502057928 -1.882835376360272
1.585027346899797 -1.8803362518897655
1.593713503725209 -1.8778457880421844
1.6023986089801239 -1.8753691243976995
1.6110846700088648 -1.8729005113939217
1.6197703438119717 -1.8704424098525063
1.6284563681924398 -1.8679921995015962
1.6371423551744864 -1.865553272300684
1.6458278799270998 -1.863125344864297
1.6545134467957618 -1.8607075514886102
1.6632003976553091 -1.8582960673259536
1.671885278830549 -1.8559006422055957
1.6805720895928271 -1.853507401845222
1.6892573446575683 -1.8511304066776177
1.6979438580292536 -1.8487601073870263
1.706629037265995 -1.846402910789268
1.7153154445890457 -1.8440535380975036
1.7240012759201742 -1.8417131155103865
1.7326872115581242 -1.8393856289353183
1.7413730246988393 -1.8370655783677188
1.750058439491514 -1.83475830931399
1.7587446492585073 -1.832458660110367
1.7674304612335556 -1.830169394387084
1.776116162948668 -1.8278927974668746
1.784802666144292 -1.825624168808252
1.7934886477150696 -1.8233656677384986
1.8021741904528814 -1.8211189900982787
1.8108599763443214 -1.818880825293997
1.819545909603209 -1.8166540843848966
1.8282318347017017 -1.8144361405214562
1.8369175413201557 -1.8122303094185985
1.8456040084459668 -1.8100328625424345
1.8542896415599393 -1.8078486987768818
1.862975285486535 -1.8056747216672226
1.8716610697029534 -1.803511761657195
1.8803470466466692 -1.801358077727959
1.8890331975122405 -1.79921535806393
1.8977188881432396 -1.7970849603068624
1.9064045449134461 -1.794966294555842
1.9150910228061373 -1.7928558165041253
1.9237764543240345 -1.7907597659649381
1.9324626027596492 -1.7886728200297088
1.9411480434999382 -1.7865998966303371
1.9498343211643054 -1.7845366951187889
1.9585199260004038 -1.7824864222537116
1.9672062092651026 -1.780446620901549
1.975891595486626 -1.7784204621768664
1.9845777155816189 -1.7764054341366058
1.9932633601202028 -1.7744036731602117
2.001949941084268 -1.772412082998749
2.0106348788697206 -1.7704385501806403
2.0193198831932997 -1.7684780189516416
2.0280056510930233 -1.7665265751553194
2.0366927575021045 -1.7645862366728182
2.0453777512132136 -1.7626658773225836
2.0540650536643295 -1.7607510447450632
2.062751156916884 -1.7588551582105
2.071436442953897 -1.7569747222040564
2.08012119950948 -1.7551103278195406
2.088809166461293 -1.753252338539017
2.0974933129019497 -1.7514208722379698
2.1061806944540966 -1.7495927772815645
2.1148677491371792 -1.747783413642101
2.123551122788397 -1.7460015232917572
2.132237269620693 -1.7442243942331728
2.140922656001347 -1.7424693463109568
2.149610109638492 -1.7407236225663514
2.1582961364804425 -1.7390004049052339
2.1669804042824836 -1.7373008545200541
2.1756683399059042 -1.7356052545165466
2.1843535147917335 -1.7339373484977099
2.193038287669853 -1.732291946905359
2.201724770116379 -1.7306589835331396
2.210409490041543 -1.7290512121503108
2.219097046614025 -1.7274547465931578
2.2277839008537184 -1.7258811769907771
2.2364692402049196 -1.72433325149783
2.245154720913064 -1.7228064432736556
2.2538393840930504 -1.7213046546174793
2.2625270252959337 -1.7198158954787572
2.271211771414131 -1.7183592923386866
2.2798972597667144 -1.716923979057398
2.2885845449672853 -1.7155080079913767
2.2972701489084697 -1.7141216315055572
2.3059550919518474 -1.7127632717032704
2.3146423552572477 -1.7114234020037427
2.3233263674618314 -1.71012045065927
2.3320140580055675 -1.7088325134281734
2.340699856823801 -1.707579481363939
2.349384387682583 -1.7063592653537731
2.3580700667730956 -1.7051636125293965
2.366757188634087 -1.7039949862159058
2.375442295968523 -1.7028621353076865
2.3841293084088617 -1.7017558806143351
2.3928147418610735 -1.7006861824725157
2.401500485946829 -1.699647851374559
2.4101865286571087 -1.6986424316366788
2.4188727914499197 -1.697670754662487
2.427557511884969 -1.6967393141323968
2.4362437713996217 -1.6958383704320148
2.4449296671246947 -1.694975346587655
2.453616432875366 -1.6941483956894157
2.4623021430220224 -1.6933597241606406
2.4709878921174493 -1.6926119417987118
2.479673184544116 -1.6919037917804942
2.488358907755335 -1.691233930096069
2.49704581322532 -1.690603210557862
2.5057304590794214 -1.690016456389273
2.5144175776201574 -1.6894687038834932
2.5231023493654066 -1.688966898015027
2.531789198996179 -1.6885058922158742
2.540474632546551 -1.6880906095431887
2.5491602666754813 -1.6877188829247474
2.557846324437078 -1.6873902963042928
2.566532943992568 -1.6871049014184631
2.575217874890811 -1.6868693502754932
2.5839046372724552 -1.6866743738321979
2.5925897516222527 -1.686528768106763
2.60127646916265 -1.6864244627007028
2.6099613237248933 -1.6863704560260702
2.6186473234570267 -1.686358848072711
2.6273330784137743 -1.6863931263030674
2.6360192474567206 -1.6864705330233796
2.6447053868765646 -1.6865912295596335
2.6533910203718394 -1.686757633003959
2.6620765882600272 -1.6869678447113192
2.6707633572747747 -1.6872150950234983
2.679448793124202 -1.6875076213625393
2.6881349453234877 -1.6878369897388046
2.696821018702825 -1.6882057341494485
2.705506212636059 -1.688613757181602
2.714193078006437 -1.6890515761135632
2.722878144498893 -1.689526835656362
2.731564592279403 -1.6900307961302814
2.7402497582472507 -1.6905641510338658
2.7489365395808356 -1.6911208543168832
2.7576222281895677 -1.691702392007428
2.7663079791065086 -1.692307524449772
2.774993333444612 -1.6929284939855216
2.7836799457620707 -1.693565026413451
2.792365070633615 -1.6942171249834015
2.801051603545427 -1.6948750707422946
2.8097374360082927 -1.695535983340881
2.8184231953703534 -1.696196342665052
2.827108747492283 -1.696851567423513
2.8357951699748862 -1.6974886561752403
2.844480903579312 -1.698118468921984
2.8531668797643874 -1.698733431094362
2.8618526971670355 -1.6993444768340933
2.8705385040024556 -1.699950865401174
